#       sgas        ssfr      tdyn_s    Name     Dia      Distance
#
        0.68      -3.373         4.6    NGC224   165.2	    
        1.03      -2.713           4    NGC598   55.9       0.8
        0.93      -2.423          -1    
        0.94      -3.083         7.9    NGC628   10.2       10.0
        0.91      -2.683         7.3    NGC772    7.2
        0.75      -2.443          -1
        1.33      -1.043           2    NGC925     8.9       9.5  
        0.91      -2.163         7.4    NGC1058    3.0      
        0.88      -2.393         3.5    NGC1596    2.5 
        0.97      -3.233         1.6    NGC2336    6.9        3.5 
        0.86      -2.553         3.1    NGC2403   15.8        3.5
        0.98      -1.903         1.3    NGC2841    6.8        12.0   
        0.85      -2.743         2.7    NGC2903   10.7   
        1.14      -1.383         2.5    NGC2976    4.9   
        0.81      -2.803           4    NGC3031   22.2
        0.93      -2.793         2.7    NGC3310    3.5   
        0.88      -2.703         3.2    NGC3338    5.9 
        1.22      -2.153         3.3    NGC3368    6.5
        1.16      -1.973         4.9    NGC3486    7.1
        0.99      -2.253         2.2    NGC3521    8.1
        1.06      -2.523         3.2    NGC3631    4.6
        1.06      -2.203           3    NGC3675    5.9
         1.2      -2.353          -1
        1.13      -2.513         3.9
        1.12      -2.333          -1
        1.39      -1.943         3.5
        0.59      -2.603         4.8
        1.02      -2.113           3
        1.13      -1.773          -1
        1.21      -1.983         4.8    NGC4189    2.3
        1.14      -2.313         4.5    NGC4254    5.2        17.5
        0.63      -3.123         3.2    NGC4258    15.1
        1.08      -3.043         4.2    NGC4294    2.5
        1.09      -2.453         3.3    NGC4299    1.7
        0.99      -2.223         2.9    NGC4303    5.9        17.5
        1.01      -2.623         5.2    NGC4321    6.8
        0.69      -2.763         3.4    NGC4394     3.9 
        1.52      -2.173         1.6    NGC4402     3.1   
        0.61      -3.023           5    NGC4501     6.0   
        0.83      -2.803         4.7    NGC4519     3.1 
        0.81      -2.563         2.8    NGC4535     6.3        17.5  
        0.73      -2.353         2.2    NGC4548     5.1        17.5  
        1.04      -2.463         3.5    NGC4561     1.4  
        1.06      -2.223         2.7    NGC4569     7.9        17.5   
         1.1      -2.303         3.5    NGC4571     3.7        17.5    
        0.94      -2.623         3.2    NGC4579     5.1  
        0.25      -3.793         2.5    NGC4639     2.7 
        1.04      -1.773         3.2    NGC4647     3.4        17.5   
        0.65      -2.463         2.7    NGC4651     3.5 
        0.67      -2.713          -1    
        0.93      -2.883         7.7    NGC4654     4.3        17.5        
        1.17      -2.563         3.8    NGC4689     3.9        17.5  
        1.47      -2.023         3.4    NGC4698     3.7        17.5
         1.7      -1.653         2.8    NGC4713     2.6 
        1.09      -2.703         8.8    NGC4736    10.5         4.5  
        1.03      -1.943         2.6    NGC4826     8.0 
        1.29      -2.153         2.9    NGC5033     9.1 
        0.89      -2.323         1.7    NGC5055    11.0
        1.11      -2.053         3.7    NGC5194    10.0 
         1.3      -2.123         3.5    NGC5236    11.0 
        1.08      -2.573         5.8    NGC5457    26.9 
